-7.275661826133728027e-01
-3.265931829810142517e-02
-1.948777437210083008e-01
-7.154822349548339844e-02
-1.579498350620269775e-01
-1.208329424262046814e-01
-1.155638098716735840e-01
-1.183713674545288086e-01
-1.521867662668228149e-01
1.701605916023254395e-01
1.758835166692733765e-01
1.244470626115798950e-01
1.529568135738372803e-01
1.258030086755752563e-01
1.475271880626678467e-01
1.511389166116714478e-01
1.445180028676986694e-01
1.252039074897766113e-01
4.527077376842498779e-01
4.514657557010650635e-01
4.697435200214385986e-01
-7.460121512413024902e-01
-4.144357144832611084e-02
-2.001041769981384277e-01
-6.444720178842544556e-02
-1.512352377176284790e-01
-1.224257498979568481e-01
-1.127476096153259277e-01
-1.258025467395782471e-01
-1.526405513286590576e-01
1.660912781953811646e-01
1.693514585494995117e-01
1.291415542364120483e-01
1.530959457159042358e-01
1.285754144191741943e-01
1.481913924217224121e-01
1.464565545320510864e-01
1.465187668800354004e-01
1.275791525840759277e-01
4.620326757431030273e-01
4.650256931781768799e-01
4.747988283634185791e-01
-7.457271218299865723e-01
-4.002156481146812439e-02
-2.075271904468536377e-01
-6.804905086755752563e-02
-1.503649502992630005e-01
-1.189186424016952515e-01
-1.245469450950622559e-01
-1.165156438946723938e-01
-1.590968519449234009e-01
1.650057584047317505e-01
1.660399585962295532e-01
1.318469941616058350e-01
1.561674326658248901e-01
1.289342939853668213e-01
1.437185257673263550e-01
1.477783769369125366e-01
1.457344889640808105e-01
1.221020072698593140e-01
4.674180448055267334e-01
4.661695063114166260e-01
4.898525178432464600e-01
-7.537301182746887207e-01
-2.951247803866863251e-02
-2.011042386293411255e-01
-6.595904380083084106e-02
-1.585987508296966553e-01
-1.306768059730529785e-01
-1.170300543308258057e-01
-1.130539700388908386e-01
-1.556782722473144531e-01
1.658174395561218262e-01
1.650981456041336060e-01
1.311247795820236206e-01
1.560211479663848877e-01
1.331160515546798706e-01
1.435511261224746704e-01
1.494527608156204224e-01
1.455237865447998047e-01
1.209568977355957031e-01
4.694072008132934570e-01
4.753525853157043457e-01
4.699216187000274658e-01
-7.578180432319641113e-01
-3.884730488061904907e-02
-2.165100127458572388e-01
-5.814031884074211121e-02
-1.531576365232467651e-01
-1.292050778865814209e-01
-1.194011270999908447e-01
-1.233779415488243103e-01
-1.512260586023330688e-01
1.604789644479751587e-01
1.729000210762023926e-01
1.328749507665634155e-01
1.619123369455337524e-01
1.283041983842849731e-01
1.463287025690078735e-01
1.459779441356658936e-01
1.460036486387252808e-01
1.247209310531616211e-01
4.753345847129821777e-01
4.647004902362823486e-01
4.881466329097747803e-01
-7.807158231735229492e-01
-4.452963173389434814e-02
-2.053024470806121826e-01
-6.398720294237136841e-02
-1.577263176441192627e-01
-1.198182925581932068e-01
-1.189076080918312073e-01
-1.270583420991897583e-01
-1.509865671396255493e-01
1.710793823003768921e-01
1.713060140609741211e-01
1.323763430118560791e-01
1.547677963972091675e-01
1.239768564701080322e-01
1.430648267269134521e-01
1.529110968112945557e-01
1.379196196794509888e-01
1.249459385871887207e-01
4.814841151237487793e-01
4.840447604656219482e-01
4.911554753780364990e-01
-7.830045819282531738e-01
-3.115683794021606445e-02
-2.076679170131683350e-01
-5.601424723863601685e-02
-1.602505594491958618e-01
-1.244218572974205017e-01
-1.216251701116561890e-01
-1.162663921713829041e-01
-1.492143422365188599e-01
1.704739630222320557e-01
1.730566918849945068e-01
1.306233704090118408e-01
1.448046714067459106e-01
1.289908438920974731e-01
1.440562307834625244e-01
1.496422886848449707e-01
1.424651592969894409e-01
1.281725168228149414e-01
4.751995503902435303e-01
4.725931882858276367e-01
4.895432889461517334e-01
-7.668834924697875977e-01
-3.820880129933357239e-02
-2.118135243654251099e-01
-5.907521024346351624e-02
-1.547542810440063477e-01
-1.263911724090576172e-01
-1.205801293253898621e-01
-1.260723918676376343e-01
-1.495447307825088501e-01
1.624166965484619141e-01
1.782238334417343140e-01
1.292941272258758545e-01
1.604988723993301392e-01
1.262543648481369019e-01
1.469316035509109497e-01
1.421386003494262695e-01
1.502022296190261841e-01
1.212562769651412964e-01
4.719455540180206299e-01
4.765428006649017334e-01
4.876188337802886963e-01
-7.692219614982604980e-01
-4.039684310555458069e-02
-2.074867933988571167e-01
-6.069149076938629150e-02
-1.606414765119552612e-01
-1.200394555926322937e-01
-1.265326291322708130e-01
-1.191961020231246948e-01
-1.501467525959014893e-01
1.691866964101791382e-01
1.664347350597381592e-01
1.313001662492752075e-01
1.507189720869064331e-01
1.359498798847198486e-01
1.372625827789306641e-01
1.505874693393707275e-01
1.431502103805541992e-01
1.223724484443664551e-01
4.821605384349822998e-01
4.794198274612426758e-01
4.858099520206451416e-01
-7.675544023513793945e-01
-4.151143506169319153e-02
-2.026930898427963257e-01
-6.107238680124282837e-02
-1.610127836465835571e-01
-1.263531446456909180e-01
-1.183690354228019714e-01
-1.247761473059654236e-01
-1.508259624242782593e-01
1.651632636785507202e-01
1.638106703758239746e-01
1.373239457607269287e-01
1.505467593669891357e-01
1.305102556943893433e-01
1.414283663034439087e-01
1.467674374580383301e-01
1.410250812768936157e-01
1.268362849950790405e-01
4.810281097888946533e-01
4.847030341625213623e-01
4.850250482559204102e-01
-7.270295023918151855e-01
-4.768710955977439880e-02
-2.059720009565353394e-01
-5.908242985606193542e-02
-1.568983495235443115e-01
-1.209441870450973511e-01
-1.267823874950408936e-01
-1.262585520744323730e-01
-1.511026769876480103e-01
1.598774343729019165e-01
1.668272465467453003e-01
1.325235962867736816e-01
1.587869077920913696e-01
1.237834692001342773e-01
1.474991589784622192e-01
1.439953148365020752e-01
1.400565803050994873e-01
1.295349597930908203e-01
4.672273993492126465e-01
4.732426404953002930e-01
4.784022569656372070e-01
-7.422075867652893066e-01
-3.954549506306648254e-02
-1.939340382814407349e-01
-5.505993217229843140e-02
-1.575002372264862061e-01
-1.206761449575424194e-01
-1.211518794298171997e-01
-1.245351582765579224e-01
-1.452140957117080688e-01
1.616325974464416504e-01
1.681298315525054932e-01
1.304973065853118896e-01
1.501016914844512939e-01
1.265379339456558228e-01
1.469323188066482544e-01
1.486315578222274780e-01
1.384536027908325195e-01
1.274355351924896240e-01
4.642839133739471436e-01
4.719619452953338623e-01
4.652263522148132324e-01
-7.329704165458679199e-01
-5.296621099114418030e-02
-1.908591985702514648e-01
-6.502420455217361450e-02
-1.551198810338973999e-01
-1.245508193969726562e-01
-1.191431358456611633e-01
-1.179466471076011658e-01
-1.563398092985153198e-01
1.643527597188949585e-01
1.633721739053726196e-01
1.285661607980728149e-01
1.533596813678741455e-01
1.342712342739105225e-01
1.416673362255096436e-01
1.464604586362838745e-01
1.455476433038711548e-01
1.217599064111709595e-01
4.677798748016357422e-01
4.671719968318939209e-01
4.806112051010131836e-01
-7.715092897415161133e-01
-3.993840515613555908e-02
-1.931413859128952026e-01
-6.383758783340454102e-02
-1.501626223325729370e-01
-1.257939785718917847e-01
-1.186303943395614624e-01
-1.233540624380111694e-01
-1.479578912258148193e-01
1.687166541814804077e-01
1.716159880161285400e-01
1.311306953430175781e-01
1.519909948110580444e-01
1.310826838016510010e-01
1.443891078233718872e-01
1.438691020011901855e-01
1.518422514200210571e-01
1.202115416526794434e-01
4.516146183013916016e-01
4.837530255317687988e-01
4.841088354587554932e-01
-7.538192272186279297e-01
-5.778732150793075562e-02
-1.892605274915695190e-01
-6.456357240676879883e-02
-1.540881544351577759e-01
-1.225065439939498901e-01
-1.117278411984443665e-01
-1.204317212104797363e-01
-1.484642028808593750e-01
1.620734483003616333e-01
1.758582890033721924e-01
1.359688639640808105e-01
1.503801643848419189e-01
1.332505643367767334e-01
1.461178064346313477e-01
1.505045145750045776e-01
1.494275182485580444e-01
1.242466419935226440e-01
4.493631422519683838e-01
4.702852070331573486e-01
4.751729667186737061e-01
-7.667654156684875488e-01
-3.802234679460525513e-02
-1.892359852790832520e-01
-5.958041176199913025e-02
-1.623656153678894043e-01
-1.154725253582000732e-01
-1.163481175899505615e-01
-1.266294121742248535e-01
-1.503543108701705933e-01
1.681817770004272461e-01
1.717434972524642944e-01
1.238976567983627319e-01
1.493694484233856201e-01
1.277775764465332031e-01
1.509361714124679565e-01
1.481601595878601074e-01
1.412559002637863159e-01
1.293950378894805908e-01
4.541254341602325439e-01
4.837390780448913574e-01
4.761922955513000488e-01
-7.593047022819519043e-01
-5.196712166070938110e-02
-1.783097237348556519e-01
-6.016255170106887817e-02
-1.588756740093231201e-01
-1.120261177420616150e-01
-1.236360371112823486e-01
-1.276947408914566040e-01
-1.537988632917404175e-01
1.651599854230880737e-01
1.640056371688842773e-01
1.375954747200012207e-01
1.534622311592102051e-01
1.221027970314025879e-01
1.508411318063735962e-01
1.465240865945816040e-01
1.423917114734649658e-01
1.242194622755050659e-01
4.646601974964141846e-01
4.681660234928131104e-01
4.866466820240020752e-01
-7.655196785926818848e-01
-4.658097773790359497e-02
-1.967410594224929810e-01
-5.834010243415832520e-02
-1.599645018577575684e-01
-1.254754215478897095e-01
-1.185996979475021362e-01
-1.256868541240692139e-01
-1.516016274690628052e-01
1.664321422576904297e-01
1.746326833963394165e-01
1.266213059425354004e-01
1.543712168931961060e-01
1.260874718427658081e-01
1.431197822093963623e-01
1.497452557086944580e-01
1.431934982538223267e-01
1.262698620557785034e-01
4.784013032913208008e-01
4.840507805347442627e-01
4.755844771862030029e-01
-7.717500925064086914e-01
-3.916551545262336731e-02
-2.034976780414581299e-01
-6.660588085651397705e-02
-1.543714702129364014e-01
-1.185441613197326660e-01
-1.191476136445999146e-01
-1.221151798963546753e-01
-1.523996442556381226e-01
1.647112965583801270e-01
1.721194535493850708e-01
1.401244103908538818e-01
1.556859463453292847e-01
1.368410140275955200e-01
1.362373828887939453e-01
1.497884690761566162e-01
1.465342044830322266e-01
1.179973930120468140e-01
4.621137082576751709e-01
4.751186668872833252e-01
4.903253018856048584e-01
-7.580233812332153320e-01
-5.319199338555335999e-02
-1.999668180942535400e-01
-5.657168477773666382e-02
-1.488302797079086304e-01
-1.166846454143524170e-01
-1.225596740841865540e-01
-1.283119320869445801e-01
-1.546545177698135376e-01
1.663477420806884766e-01
1.685667186975479126e-01
1.334820687770843506e-01
1.478794813156127930e-01
1.324220448732376099e-01
1.432829350233078003e-01
1.448708325624465942e-01
1.479283720254898071e-01
1.192948520183563232e-01
4.749269783496856689e-01
4.806305766105651855e-01
4.791622161865234375e-01
-7.472608685493469238e-01
-4.421268403530120850e-02
-2.135336548089981079e-01
-5.312496423721313477e-02
-1.445740014314651489e-01
-1.217551231384277344e-01
-1.241932585835456848e-01
-1.246427223086357117e-01
-1.548713445663452148e-01
1.726963222026824951e-01
1.722362041473388672e-01
1.319474279880523682e-01
1.615659892559051514e-01
1.246832013130187988e-01
1.535222530364990234e-01
1.442796885967254639e-01
1.450427323579788208e-01
1.189703941345214844e-01
4.570900499820709229e-01
4.665960967540740967e-01
4.795380532741546631e-01
-7.452431917190551758e-01
-4.566488787531852722e-02
-2.099932432174682617e-01
-5.746816098690032959e-02
-1.481131613254547119e-01
-1.116445139050483704e-01
-1.176233589649200439e-01
-1.297063082456588745e-01
-1.577828228473663330e-01
1.686881482601165771e-01
1.753795892000198364e-01
1.334361881017684937e-01
1.564677953720092773e-01
1.289035677909851074e-01
1.437532603740692139e-01
1.517826616764068604e-01
1.408808231353759766e-01
1.272330582141876221e-01
4.649990200996398926e-01
4.735628366470336914e-01
4.581527411937713623e-01
-7.567902803421020508e-01
-4.715852811932563782e-02
-2.190088033676147461e-01
-6.781224161386489868e-02
-1.492002308368682861e-01
-1.182651519775390625e-01
-1.120226308703422546e-01
-1.250838637351989746e-01
-1.576857417821884155e-01
1.715714037418365479e-01
1.751220971345901489e-01
1.405817568302154541e-01
1.517885327339172363e-01
1.358989477157592773e-01
1.383759975433349609e-01
1.544267684221267700e-01
1.433246582746505737e-01
1.237046569585800171e-01
4.581348598003387451e-01
4.716258347034454346e-01
4.884717762470245361e-01
-7.435443997383117676e-01
-5.705932155251502991e-02
-2.085687220096588135e-01
-5.825110524892807007e-02
-1.480239629745483398e-01
-1.238846480846405029e-01
-1.252059787511825562e-01
-1.228354126214981079e-01
-1.525230705738067627e-01
1.682508885860443115e-01
1.642940789461135864e-01
1.454331874847412109e-01
1.590647101402282715e-01
1.300639510154724121e-01
1.462558656930923462e-01
1.444444358348846436e-01
1.480024009943008423e-01
1.180569827556610107e-01
4.600571691989898682e-01
4.738336503505706787e-01
4.821391105651855469e-01
-7.541965842247009277e-01
-4.630437120795249939e-02
-1.997545957565307617e-01
-4.914884641766548157e-02
-1.528071463108062744e-01
-1.206567212939262390e-01
-1.236207932233810425e-01
-1.261828392744064331e-01
-1.601814925670623779e-01
1.650089323520660400e-01
1.735624969005584717e-01
1.254808604717254639e-01
1.540511846542358398e-01
1.240330934524536133e-01
1.497136503458023071e-01
1.380852162837982178e-01
1.508151888847351074e-01
1.203809827566146851e-01
4.882978498935699463e-01
4.669887423515319824e-01
4.764351248741149902e-01
-7.629735469818115234e-01
-4.781332612037658691e-02
-1.776897758245468140e-01
-5.824410915374755859e-02
-1.544559895992279053e-01
-1.178677976131439209e-01
-1.223659738898277283e-01
-1.262990385293960571e-01
-1.543032974004745483e-01
1.592681109905242920e-01
1.598774343729019165e-01
1.297193616628646851e-01
1.526679247617721558e-01
1.313086599111557007e-01
1.475253999233245850e-01
1.490883082151412964e-01
1.386627703905105591e-01
1.269290447235107422e-01
4.683676362037658691e-01
4.741778373718261719e-01
4.844202697277069092e-01
-7.453756332397460938e-01
-4.027963429689407349e-02
-1.928849667310714722e-01
-6.761854141950607300e-02
-1.563238352537155151e-01
-1.220203563570976257e-01
-1.194300726056098938e-01
-1.256237179040908813e-01
-1.649716049432754517e-01
1.711973547935485840e-01
1.691469252109527588e-01
1.364021897315979004e-01
1.454616785049438477e-01
1.235597878694534302e-01
1.419279128313064575e-01
1.547376811504364014e-01
1.366202235221862793e-01
1.235031485557556152e-01
4.725536108016967773e-01
4.764250516891479492e-01
4.829928576946258545e-01
-7.665136456489562988e-01
-4.085043817758560181e-02
-1.918625384569168091e-01
-5.764217674732208252e-02
-1.521904021501541138e-01
-1.158023700118064880e-01
-1.191657707095146179e-01
-1.321837306022644043e-01
-1.589031666517257690e-01
1.677674502134323120e-01
1.692093759775161743e-01
1.320493668317794800e-01
1.498044431209564209e-01
1.323018968105316162e-01
1.408196985721588135e-01
1.505954712629318237e-01
1.401745378971099854e-01
1.216020882129669189e-01
4.778290390968322754e-01
4.736990630626678467e-01
4.792616665363311768e-01
-7.649958729743957520e-01
-3.453348577022552490e-02
-1.789787411689758301e-01
-5.429878085851669312e-02
-1.482471674680709839e-01
-1.273028701543807983e-01
-1.112952679395675659e-01
-1.193054318428039551e-01
-1.610919982194900513e-01
1.622798889875411987e-01
1.675344556570053101e-01
1.147513836622238159e-01
1.476697623729705811e-01
1.377651244401931763e-01
1.440035998821258545e-01
1.490147709846496582e-01
1.482935100793838501e-01
1.211468428373336792e-01
4.542985856533050537e-01
4.735058546066284180e-01
4.797857403755187988e-01
-7.443453073501586914e-01
-2.880341559648513794e-02
-1.894965916872024536e-01
-6.472790986299514771e-02
-1.470574289560317993e-01
-1.235036849975585938e-01
-1.186750829219818115e-01
-1.173421889543533325e-01
-1.682989597320556641e-01
1.668620109558105469e-01
1.648492366075515747e-01
1.299696564674377441e-01
1.429320871829986572e-01
1.314682066440582275e-01
1.450428813695907593e-01
1.500950455665588379e-01
1.468619853258132935e-01
1.170761436223983765e-01
4.614190757274627686e-01
4.728493392467498779e-01
4.728248715400695801e-01
-7.471038699150085449e-01
-2.668810635805130005e-02
-1.948407292366027832e-01
-5.908921360969543457e-02
-1.478063315153121948e-01
-1.215082630515098572e-01
-1.134081557393074036e-01
-1.360969543457031250e-01
-1.607628315687179565e-01
1.641866713762283325e-01
1.727907955646514893e-01
1.301271617412567139e-01
1.514299958944320679e-01
1.305260062217712402e-01
1.418570727109909058e-01
1.540118604898452759e-01
1.384092420339584351e-01
1.197999715805053711e-01
4.631662964820861816e-01
4.718513786792755127e-01
4.691478908061981201e-01
-7.519799470901489258e-01
-3.572089970111846924e-02
-2.124076485633850098e-01
-5.799351260066032410e-02
-1.440247744321823120e-01
-1.222265809774398804e-01
-1.158753782510757446e-01
-1.287849992513656616e-01
-1.642499715089797974e-01
1.648418009281158447e-01
1.607664525508880615e-01
1.337402611970901489e-01
1.541746854782104492e-01
1.308342367410659790e-01
1.420186758041381836e-01
1.529565751552581787e-01
1.380811333656311035e-01
1.220458745956420898e-01
4.732310771942138672e-01
4.813559055328369141e-01
4.792168438434600830e-01
-7.545385360717773438e-01
-2.996391803026199341e-02
-2.026961445808410645e-01
-5.615720152854919434e-02
-1.460197567939758301e-01
-1.250704079866409302e-01
-1.188471093773841858e-01
-1.247172877192497253e-01
-1.673649996519088745e-01
1.588897109031677246e-01
1.604764014482498169e-01
1.408555805683135986e-01
1.510950773954391479e-01
1.309545338153839111e-01
1.538803875446319580e-01
1.409256458282470703e-01
1.428935378789901733e-01
1.196745038032531738e-01
4.644453227519989014e-01
4.798615574836730957e-01
4.814230501651763916e-01
-7.422725558280944824e-01
-4.174856096506118774e-02
-2.096105217933654785e-01
-4.754337295889854431e-02
-1.357878744602203369e-01
-1.199956312775611877e-01
-1.156624108552932739e-01
-1.336846947669982910e-01
-1.687656044960021973e-01
1.605981141328811646e-01
1.619869321584701538e-01
1.304962486028671265e-01
1.536444425582885742e-01
1.335248202085494995e-01
1.547329872846603394e-01
1.414210200309753418e-01
1.480504870414733887e-01
1.230074018239974976e-01
4.618880152702331543e-01
4.707131683826446533e-01
4.750075638294219971e-01
-7.577055692672729492e-01
-2.949012443423271179e-02
-2.083417177200317383e-01
-5.800382420420646667e-02
-1.321811527013778687e-01
-1.295889467000961304e-01
-1.135109290480613708e-01
-1.242685392498970032e-01
-1.691640913486480713e-01
1.612375676631927490e-01
1.649544835090637207e-01
1.456608772277832031e-01
1.612581014633178711e-01
1.345856487751007080e-01
1.481218039989471436e-01
1.509410291910171509e-01
1.390719711780548096e-01
1.184103041887283325e-01
4.524042010307312012e-01
4.757067263126373291e-01
4.699021577835083008e-01
-7.619488835334777832e-01
-5.161552503705024719e-02
-2.085828781127929688e-01
-6.774216890335083008e-02
-1.355383396148681641e-01
-1.157796904444694519e-01
-1.113755255937576294e-01
-1.199683472514152527e-01
-1.663931012153625488e-01
1.709827333688735962e-01
1.673172265291213989e-01
1.336267143487930298e-01
1.565837562084197998e-01
1.332716047763824463e-01
1.439822018146514893e-01
1.555142998695373535e-01
1.418440490961074829e-01
1.182254850864410400e-01
4.534700512886047363e-01
4.850794076919555664e-01
4.790467917919158936e-01
-7.556629180908203125e-01
-4.838249832391738892e-02
-2.054007351398468018e-01
-5.079288780689239502e-02
-1.368803977966308594e-01
-1.138209253549575806e-01
-1.100639849901199341e-01
-1.325648427009582520e-01
-1.663128435611724854e-01
1.663194596767425537e-01
1.756810098886489868e-01
1.379142254590988159e-01
1.494015157222747803e-01
1.387252211570739746e-01
1.471706628799438477e-01
1.483938097953796387e-01
1.451714187860488892e-01
1.165597736835479736e-01
4.428411126136779785e-01
4.803981184959411621e-01
4.713055491447448730e-01
-7.543496489524841309e-01
-4.303549975156784058e-02
-2.085210680961608887e-01
-5.372989922761917114e-02
-1.333631277084350586e-01
-1.196234375238418579e-01
-1.186634972691535950e-01
-1.217475831508636475e-01
-1.586099416017532349e-01
1.736497730016708374e-01
1.764967441558837891e-01
1.318588256835937500e-01
1.496084481477737427e-01
1.355513632297515869e-01
1.496013700962066650e-01
1.485227197408676147e-01
1.470396071672439575e-01
1.166435629129409790e-01
4.321835935115814209e-01
4.777308404445648193e-01
4.727568328380584717e-01
-7.443140149116516113e-01
-5.002479255199432373e-02
-1.907120645046234131e-01
-5.403737723827362061e-02
-1.451812088489532471e-01
-1.214356794953346252e-01
-1.112353131175041199e-01
-1.279237270355224609e-01
-1.612069010734558105e-01
1.671205759048461914e-01
1.688308864831924438e-01
1.248316466808319092e-01
1.533291935920715332e-01
1.352110803127288818e-01
1.434582024812698364e-01
1.498928666114807129e-01
1.430954039096832275e-01
1.145706027746200562e-01
4.536597728729248047e-01
4.801947176456451416e-01
4.718759655952453613e-01
-7.735493779182434082e-01
-4.886971786618232727e-02
-1.850081831216812134e-01
-6.083971261978149414e-02
-1.466746479272842407e-01
-1.154367700219154358e-01
-1.161421239376068115e-01
-1.351488083600997925e-01
-1.661032438278198242e-01
1.712101995944976807e-01
1.682073026895523071e-01
1.387940794229507446e-01
1.534796953201293945e-01
1.312257051467895508e-01
1.421433836221694946e-01
1.523132473230361938e-01
1.376290321350097656e-01
1.165972054004669189e-01
4.673368036746978760e-01
4.823258519172668457e-01
4.865099489688873291e-01
-7.549508810043334961e-01
-5.660226196050643921e-02
-1.988036185503005981e-01
-5.919469147920608521e-02
-1.447329223155975342e-01
-1.188867986202239990e-01
-1.219561547040939331e-01
-1.308111399412155151e-01
-1.525381207466125488e-01
1.693450361490249634e-01
1.680224984884262085e-01
1.326822191476821899e-01
1.508765667676925659e-01
1.285515874624252319e-01
1.466571241617202759e-01
1.494553387165069580e-01
1.379246115684509277e-01
1.167287677526473999e-01
4.677759408950805664e-01
4.924513399600982666e-01
4.780054688453674316e-01
-7.552171945571899414e-01
-5.471893772482872009e-02
-1.915549188852310181e-01
-5.416631698608398438e-02
-1.435951739549636841e-01
-1.229221522808074951e-01
-1.146230399608612061e-01
-1.280575245618820190e-01
-1.544646322727203369e-01
1.608195006847381592e-01
1.755899190902709961e-01
1.323920488357543945e-01
1.503841429948806763e-01
1.370476931333541870e-01
1.506215780973434448e-01
1.421655416488647461e-01
1.448279768228530884e-01
1.157799214124679565e-01
4.542700648307800293e-01
4.707428812980651855e-01
4.846785664558410645e-01
-7.485035061836242676e-01
-4.348539188504219055e-02
-1.908638477325439453e-01
-5.707336217164993286e-02
-1.380603164434432983e-01
-1.209416836500167847e-01
-1.188884302973747253e-01
-1.278756707906723022e-01
-1.625881195068359375e-01
1.682366579771041870e-01
1.650636941194534302e-01
1.201614737510681152e-01
1.501843780279159546e-01
1.363231241703033447e-01
1.472564637660980225e-01
1.419712901115417480e-01
1.513882577419281006e-01
1.186789125204086304e-01
4.553355574607849121e-01
4.751962721347808838e-01
4.784841239452362061e-01
-7.511109113693237305e-01
-4.152725636959075928e-02
-1.909817755222320557e-01
-5.888291820883750916e-02
-1.405110508203506470e-01
-1.244033575057983398e-01
-1.177087649703025818e-01
-1.227961108088493347e-01
-1.613753885030746460e-01
1.662819832563400269e-01
1.692964881658554077e-01
1.327949017286300659e-01
1.539402902126312256e-01
1.339773833751678467e-01
1.441321074962615967e-01
1.504484713077545166e-01
1.460357457399368286e-01
1.125406026840209961e-01
4.537964761257171631e-01
4.683564901351928711e-01
4.776966273784637451e-01
-7.569946050643920898e-01
-3.946474939584732056e-02
-2.083747833967208862e-01
-5.765216425061225891e-02
-1.477968543767929077e-01
-1.265631318092346191e-01
-1.043858677148818970e-01
-1.277811229228973389e-01
-1.555898934602737427e-01
1.675554513931274414e-01
1.729879975318908691e-01
1.373841017484664917e-01
1.533225476741790771e-01
1.350264102220535278e-01
1.439315527677536011e-01
1.527514755725860596e-01
1.415522247552871704e-01
1.162579506635665894e-01
4.522847533226013184e-01
4.749214351177215576e-01
4.766271710395812988e-01
-7.432780861854553223e-01
-3.935828059911727905e-02
-1.894725561141967773e-01
-5.926808714866638184e-02
-1.464633941650390625e-01
-1.154446154832839966e-01
-1.154269799590110779e-01
-1.292477995157241821e-01
-1.594452857971191406e-01
1.599056571722030640e-01
1.650484055280685425e-01
1.305931955575942993e-01
1.501729935407638550e-01
1.315286159515380859e-01
1.502899527549743652e-01
1.469334661960601807e-01
1.456909477710723877e-01
1.193555295467376709e-01
4.416022002696990967e-01
4.790196418762207031e-01
4.772643744945526123e-01
-7.583411335945129395e-01
-2.815388143062591553e-02
-1.904081404209136963e-01
-5.013127252459526062e-02
-1.485860645771026611e-01
-1.293176710605621338e-01
-1.198479980230331421e-01
-1.220469698309898376e-01
-1.606470942497253418e-01
1.588920354843139648e-01
1.670639216899871826e-01
1.292259842157363892e-01
1.523849815130233765e-01
1.329131573438644409e-01
1.520047932863235474e-01
1.427039802074432373e-01
1.441614478826522827e-01
1.220634579658508301e-01
4.575459659099578857e-01
4.740471243858337402e-01
4.744733870029449463e-01
-7.235872745513916016e-01
-3.536707907915115356e-02
-2.047303169965744019e-01
-5.640053749084472656e-02
-1.563049703836441040e-01
-1.180650070309638977e-01
-1.158167123794555664e-01
-1.278235316276550293e-01
-1.641823798418045044e-01
1.664793044328689575e-01
1.600642800331115723e-01
1.330573856830596924e-01
1.524612754583358765e-01
1.330946534872055054e-01
1.433395147323608398e-01
1.504375487565994263e-01
1.396198719739913940e-01
1.225939244031906128e-01
4.542795121669769287e-01
4.713912904262542725e-01
4.754591286182403564e-01
-7.590380311012268066e-01
-3.037374839186668396e-02
-2.065147310495376587e-01
-6.667277961969375610e-02
-1.438418775796890259e-01
-1.150660067796707153e-01
-1.125588491559028625e-01
-1.314244568347930908e-01
-1.638538092374801636e-01
1.617830097675323486e-01
1.728739440441131592e-01
1.415645033121109009e-01
1.516025066375732422e-01
1.310503631830215454e-01
1.448708325624465942e-01
1.494714170694351196e-01
1.449235677719116211e-01
1.135190576314926147e-01
4.653973281383514404e-01
4.749324917793273926e-01
4.773552715778350830e-01
-7.421915531158447266e-01
-3.086680173873901367e-02
-2.136541903018951416e-01
-5.796440318226814270e-02
-1.463126391172409058e-01
-1.256120204925537109e-01
-1.170739307999610901e-01
-1.252381205558776855e-01
-1.604288965463638306e-01
1.641988158226013184e-01
1.717566102743148804e-01
1.337547004222869873e-01
1.442942917346954346e-01
1.383123099803924561e-01
1.467104703187942505e-01
1.457529813051223755e-01
1.442919522523880005e-01
1.216179877519607544e-01
4.648547768592834473e-01
4.650090038776397705e-01
4.787885844707489014e-01
-7.536573410034179688e-01
-3.813098371028900146e-02
-1.968296021223068237e-01
-5.407248437404632568e-02
-1.419302076101303101e-01
-1.207786649465560913e-01
-1.191021502017974854e-01
-1.215616911649703979e-01
-1.643129587173461914e-01
1.657755374908447266e-01
1.638924330472946167e-01
1.345439553260803223e-01
1.483866721391677856e-01
1.368204206228256226e-01
1.496324837207794189e-01
1.460122764110565186e-01
1.462714672088623047e-01
1.231374293565750122e-01
4.562182128429412842e-01
4.687140882015228271e-01
4.709711372852325439e-01
-7.413265705108642578e-01
-2.976201474666595459e-02
-2.033647745847702026e-01
-6.238856539130210876e-02
-1.390529125928878784e-01
-1.183057501912117004e-01
-1.121502071619033813e-01
-1.255774796009063721e-01
-1.673701405525207520e-01
1.644539833068847656e-01
1.714502871036529541e-01
1.354149132966995239e-01
1.504797786474227905e-01
1.281714439392089844e-01
1.483525931835174561e-01
1.465227156877517700e-01
1.479453742504119873e-01
1.128690093755722046e-01
4.590328037738800049e-01
4.594132006168365479e-01
4.751922786235809326e-01
-7.484016418457031250e-01
-3.769736737012863159e-02
-2.033699452877044678e-01
-5.626673996448516846e-02
-1.487010270357131958e-01
-1.199280917644500732e-01
-1.127487570047378540e-01
-1.269693225622177124e-01
-1.592601835727691650e-01
1.680468767881393433e-01
1.705077886581420898e-01
1.376939862966537476e-01
1.497159451246261597e-01
1.345159262418746948e-01
1.434256285429000854e-01
1.551681160926818848e-01
1.411183476448059082e-01
1.258605867624282837e-01
4.541246592998504639e-01
4.751599133014678955e-01
4.580052793025970459e-01
-7.462213635444641113e-01
-3.351339325308799744e-02
-1.968932747840881348e-01
-6.122986599802970886e-02
-1.441954970359802246e-01
-1.287109404802322388e-01
-1.152512505650520325e-01
-1.209881082177162170e-01
-1.609343886375427246e-01
1.657655239105224609e-01
1.726148128509521484e-01
1.391704231500625610e-01
1.480335295200347900e-01
1.318840831518173218e-01
1.454190909862518311e-01
1.495357602834701538e-01
1.455255299806594849e-01
1.219337284564971924e-01
4.513378739356994629e-01
4.662502408027648926e-01
4.704674184322357178e-01
-7.324241995811462402e-01
-4.901457205414772034e-02
-1.855178773403167725e-01
-6.118115782737731934e-02
-1.507225334644317627e-01
-1.089782267808914185e-01
-1.181521192193031311e-01
-1.294415593147277832e-01
-1.627365052700042725e-01
1.639687567949295044e-01
1.619514822959899902e-01
1.350293755531311035e-01
1.526823937892913818e-01
1.296872198581695557e-01
1.466280966997146606e-01
1.454766839742660522e-01
1.478772312402725220e-01
1.209268122911453247e-01
4.515646398067474365e-01
4.707354903221130371e-01
4.716404378414154053e-01
-7.417950034141540527e-01
-3.934913128614425659e-02
-1.896068304777145386e-01
-4.807769134640693665e-02
-1.491746306419372559e-01
-1.264906674623489380e-01
-1.138536483049392700e-01
-1.276404261589050293e-01
-1.591652333736419678e-01
1.659665405750274658e-01
1.677165478467941284e-01
1.328113228082656860e-01
1.560446768999099731e-01
1.294249594211578369e-01
1.451340168714523315e-01
1.466767340898513794e-01
1.459470540285110474e-01
1.202962994575500488e-01
4.527895450592041016e-01
4.608559012413024902e-01
4.714896678924560547e-01
-7.315898537635803223e-01
-5.430493876338005066e-02
-1.934029906988143921e-01
-6.147930398583412170e-02
-1.467673927545547485e-01
-1.217663958668708801e-01
-1.239774748682975769e-01
-1.272727698087692261e-01
-1.606938093900680542e-01
1.676945388317108154e-01
1.751490682363510132e-01
1.344048529863357544e-01
1.512535214424133301e-01
1.287752836942672729e-01
1.439267843961715698e-01
1.516480594873428345e-01
1.372181624174118042e-01
1.221769899129867554e-01
4.709728658199310303e-01
4.705997407436370850e-01
4.674350917339324951e-01
-7.469215393066406250e-01
-5.282741412520408630e-02
-1.823512017726898193e-01
-6.292001157999038696e-02
-1.437797397375106812e-01
-1.174149289727210999e-01
-1.080671623349189758e-01
-1.283729970455169678e-01
-1.692167371511459351e-01
1.745401173830032349e-01
1.700743734836578369e-01
1.257837563753128052e-01
1.521751135587692261e-01
1.230585426092147827e-01
1.437911838293075562e-01
1.516884267330169678e-01
1.374645680189132690e-01
1.202687770128250122e-01
4.588815867900848389e-01
4.683937728404998779e-01
4.857514798641204834e-01
-7.300368547439575195e-01
-5.559758841991424561e-02
-1.903375685214996338e-01
-5.271890386939048767e-02
-1.438180506229400635e-01
-1.221521645784378052e-01
-1.229032874107360840e-01
-1.242743507027626038e-01
-1.599822640419006348e-01
1.746724247932434082e-01
1.735045760869979858e-01
1.235290020704269409e-01
1.480092108249664307e-01
1.307864338159561157e-01
1.432859599590301514e-01
1.429648399353027344e-01
1.433962434530258179e-01
1.186110079288482666e-01
4.730313122272491455e-01
4.628967046737670898e-01
4.671331346035003662e-01
-7.142246365547180176e-01
-5.183988437056541443e-02
-1.963599771261215210e-01
-5.856029316782951355e-02
-1.386880874633789062e-01
-1.274556070566177368e-01
-1.254693418741226196e-01
-1.212606579065322876e-01
-1.554778367280960083e-01
1.696742177009582520e-01
1.724842041730880737e-01
1.243361830711364746e-01
1.519987136125564575e-01
1.273399442434310913e-01
1.420749574899673462e-01
1.445066928863525391e-01
1.484897583723068237e-01
1.140312701463699341e-01
4.505207836627960205e-01
4.609457850456237793e-01
4.829338192939758301e-01
-7.302382588386535645e-01
-4.595739766955375671e-02
-2.006271332502365112e-01
-6.561434268951416016e-02
-1.472810506820678711e-01
-1.123342290520668030e-01
-1.136836633086204529e-01
-1.239150390028953552e-01
-1.630111783742904663e-01
1.683570891618728638e-01
1.671522110700607300e-01
1.315663903951644897e-01
1.536126881837844849e-01
1.278854161500930786e-01
1.404960006475448608e-01
1.458184868097305298e-01
1.440962105989456177e-01
1.180356442928314209e-01
4.598673284053802490e-01
4.647062718868255615e-01
4.810685217380523682e-01
-7.349937558174133301e-01
-4.697871953248977661e-02
-2.052277475595474243e-01
-6.041932851076126099e-02
-1.496696770191192627e-01
-1.268069744110107422e-01
-1.150067895650863647e-01
-1.247297003865242004e-01
-1.638538986444473267e-01
1.659952104091644287e-01
1.682361811399459839e-01
1.366419196128845215e-01
1.525531858205795288e-01
1.274792701005935669e-01
1.411875039339065552e-01
1.461135745048522949e-01
1.379942595958709717e-01
1.218458563089370728e-01
4.767437577247619629e-01
4.688166677951812744e-01
4.840790629386901855e-01
-7.494122385978698730e-01
-3.838357329368591309e-02
-2.030977755784988403e-01
-5.736562609672546387e-02
-1.504604220390319824e-01
-1.133723780512809753e-01
-1.290942430496215820e-01
-1.252992600202560425e-01
-1.542456299066543579e-01
1.688709855079650879e-01
1.661413460969924927e-01
1.339792758226394653e-01
1.597786247730255127e-01
1.231987625360488892e-01
1.470686793327331543e-01
1.459308713674545288e-01
1.415387392044067383e-01
1.257176399230957031e-01
4.652200341224670410e-01
4.635426998138427734e-01
4.797434210777282715e-01
-7.464560270309448242e-01
-3.969415649771690369e-02
-1.946724802255630493e-01
-6.043675914406776428e-02
-1.492141783237457275e-01
-1.110815182328224182e-01
-1.096831336617469788e-01
-1.250485181808471680e-01
-1.712488979101181030e-01
1.587636768817901611e-01
1.706685870885848999e-01
1.286076754331588745e-01
1.580891013145446777e-01
1.239686459302902222e-01
1.496302336454391479e-01
1.462859511375427246e-01
1.433520913124084473e-01
1.240779161453247070e-01
4.686229228973388672e-01
4.631211757659912109e-01
4.723477065563201904e-01
-7.563357353210449219e-01
-3.388584405183792114e-02
-2.022497653961181641e-01
-5.870164185762405396e-02
-1.483216881752014160e-01
-1.107606515288352966e-01
-1.199242174625396729e-01
-1.207297742366790771e-01
-1.655482798814773560e-01
1.668174415826797485e-01
1.664726883172988892e-01
1.345490366220474243e-01
1.531899124383926392e-01
1.331046968698501587e-01
1.448982656002044678e-01
1.463813930749893188e-01
1.469059735536575317e-01
1.258163750171661377e-01
4.558935463428497314e-01
4.620326161384582520e-01
4.803955554962158203e-01
-7.850761413574218750e-01
-3.760465607047080994e-02
-2.115493118762969971e-01
-5.501901358366012573e-02
-1.394996941089630127e-01
-1.171200424432754517e-01
-1.190134957432746887e-01
-1.204217448830604553e-01
-1.657152175903320312e-01
1.709843277931213379e-01
1.731511503458023071e-01
1.413311958312988281e-01
1.517595350742340088e-01
1.363287419080734253e-01
1.435117274522781372e-01
1.521244943141937256e-01
1.455588340759277344e-01
1.241089701652526855e-01
4.614708721637725830e-01
4.761932194232940674e-01
4.744962751865386963e-01
-7.607747912406921387e-01
-4.187150299549102783e-02
-2.050870805978775024e-01
-5.974033474922180176e-02
-1.441775262355804443e-01
-1.088799759745597839e-01
-1.091991737484931946e-01
-1.239013597369194031e-01
-1.637063771486282349e-01
1.598386317491531372e-01
1.674465537071228027e-01
1.342518031597137451e-01
1.555637121200561523e-01
1.360897272825241089e-01
1.469686478376388550e-01
1.473231166601181030e-01
1.457040458917617798e-01
1.250059008598327637e-01
4.517068862915039062e-01
4.680847227573394775e-01
4.793544411659240723e-01
-7.727357745170593262e-01
-3.175688907504081726e-02
-1.966107636690139771e-01
-6.312299519777297974e-02
-1.421201378107070923e-01
-1.165902242064476013e-01
-1.194717362523078918e-01
-1.222184076905250549e-01
-1.617776006460189819e-01
1.689889132976531982e-01
1.693779677152633667e-01
1.290324032306671143e-01
1.526928991079330444e-01
1.293082535266876221e-01
1.494754999876022339e-01
1.466570049524307251e-01
1.455569714307785034e-01
1.227146238088607788e-01
4.584691524505615234e-01
4.767067432403564453e-01
4.774239957332611084e-01
-7.518189549446105957e-01
-4.147181287407875061e-02
-1.918257921934127808e-01
-5.670776963233947754e-02
-1.467249095439910889e-01
-1.229390501976013184e-01
-1.274415552616119385e-01
-1.235871836543083191e-01
-1.598682850599288940e-01
1.664844602346420288e-01
1.650428473949432373e-01
1.320420801639556885e-01
1.433150619268417358e-01
1.332498043775558472e-01
1.417729705572128296e-01
1.482414007186889648e-01
1.369422078132629395e-01
1.262092739343643188e-01
4.781836867332458496e-01
4.680649638175964355e-01
4.828366041183471680e-01
-7.496315240859985352e-01
-4.196468368172645569e-02
-1.938022971153259277e-01
-6.050930172204971313e-02
-1.499888896942138672e-01
-1.182266920804977417e-01
-1.143595501780509949e-01
-1.311501711606979370e-01
-1.594792604446411133e-01
1.640167236328125000e-01
1.645741462707519531e-01
1.283655315637588501e-01
1.516041606664657593e-01
1.256154179573059082e-01
1.424275338649749756e-01
1.463858485221862793e-01
1.411586552858352661e-01
1.192211508750915527e-01
4.743623733520507812e-01
4.764929413795471191e-01
4.848878383636474609e-01
-7.428674101829528809e-01
-3.701637312769889832e-02
-1.862971782684326172e-01
-6.397158652544021606e-02
-1.499773412942886353e-01
-1.225052848458290100e-01
-1.273236870765686035e-01
-1.203529387712478638e-01
-1.555505841970443726e-01
1.586221605539321899e-01
1.662882417440414429e-01
1.295811384916305542e-01
1.495844721794128418e-01
1.274050027132034302e-01
1.423822492361068726e-01
1.406697630882263184e-01
1.445142626762390137e-01
1.172176450490951538e-01
4.682175517082214355e-01
4.822223186492919922e-01
4.791574478149414062e-01
-7.705674767494201660e-01
-4.476570710539817810e-02
-1.890510618686676025e-01
-5.074667185544967651e-02
-1.547893136739730835e-01
-1.269692182540893555e-01
-1.214293763041496277e-01
-1.262788176536560059e-01
-1.507806926965713501e-01
1.575127989053726196e-01
1.591868251562118530e-01
1.351860761642456055e-01
1.438578665256500244e-01
1.329947710037231445e-01
1.467273384332656860e-01
1.432615220546722412e-01
1.391990482807159424e-01
1.268551349639892578e-01
4.852007329463958740e-01
4.848532974720001221e-01
4.805428087711334229e-01
-7.442578673362731934e-01
-4.214313253760337830e-02
-1.992311030626296997e-01
-6.093439832329750061e-02
-1.557336300611495972e-01
-1.136732250452041626e-01
-1.183007284998893738e-01
-1.287781894207000732e-01
-1.640813648700714111e-01
1.674043685197830200e-01
1.634797453880310059e-01
1.370031386613845825e-01
1.591784209012985229e-01
1.256806403398513794e-01
1.453728377819061279e-01
1.428415477275848389e-01
1.411941349506378174e-01
1.251698434352874756e-01
4.603762924671173096e-01
4.815610349178314209e-01
4.778715968132019043e-01
-7.423154711723327637e-01
-5.422031134366989136e-02
-2.040971070528030396e-01
-6.229309737682342529e-02
-1.519613415002822876e-01
-1.147833839058876038e-01
-1.181462332606315613e-01
-1.264182925224304199e-01
-1.493677198886871338e-01
1.666187644004821777e-01
1.672033369541168213e-01
1.322942674160003662e-01
1.636009663343429565e-01
1.269015073776245117e-01
1.435401141643524170e-01
1.532559543848037720e-01
1.343528479337692261e-01
1.238129138946533203e-01
4.595134258270263672e-01
4.859491288661956787e-01
4.665596187114715576e-01
-7.558091878890991211e-01
-4.159893468022346497e-02
-2.093849182128906250e-01
-5.208071321249008179e-02
-1.507823765277862549e-01
-1.166815534234046936e-01
-1.184897795319557190e-01
-1.197185590863227844e-01
-1.557654291391372681e-01
1.739132255315780640e-01
1.762022525072097778e-01
1.322668343782424927e-01
1.524445861577987671e-01
1.351836621761322021e-01
1.442043930292129517e-01
1.480521410703659058e-01
1.434043645858764648e-01
1.312951743602752686e-01
4.391660988330841064e-01
4.734245240688323975e-01
4.707542359828948975e-01
-7.528485655784606934e-01
-4.580744728446006775e-02
-2.146077305078506470e-01
-5.363444983959197998e-02
-1.467705518007278442e-01
-1.163290590047836304e-01
-1.125730276107788086e-01
-1.222308427095413208e-01
-1.559594720602035522e-01
1.729998588562011719e-01
1.650100350379943848e-01
1.381389200687408447e-01
1.546312868595123291e-01
1.299124360084533691e-01
1.482113301753997803e-01
1.394264101982116699e-01
1.527972668409347534e-01
1.210230141878128052e-01
4.441678822040557861e-01
4.865428507328033447e-01
4.678997099399566650e-01
-7.518726587295532227e-01
-4.807332903146743774e-02
-2.056104987859725952e-01
-5.898787826299667358e-02
-1.558719128370285034e-01
-1.146163642406463623e-01
-1.202282905578613281e-01
-1.126187965273857117e-01
-1.484593749046325684e-01
1.697511821985244751e-01
1.750562191009521484e-01
1.265798211097717285e-01
1.610794961452484131e-01
1.258215308189392090e-01
1.429747939109802246e-01
1.450574845075607300e-01
1.452434062957763672e-01
1.253014802932739258e-01
4.585410058498382568e-01
4.682053923606872559e-01
4.727272391319274902e-01
-7.345642447471618652e-01
-5.649536848068237305e-02
-2.032628357410430908e-01
-5.488258227705955505e-02
-1.613362729549407959e-01
-1.303289383649826050e-01
-1.091108843684196472e-01
-1.255674511194229126e-01
-1.574621945619583130e-01
1.648116707801818848e-01
1.602557003498077393e-01
1.356886476278305054e-01
1.604767888784408569e-01
1.260761171579360962e-01
1.422247588634490967e-01
1.481304764747619629e-01
1.388186663389205933e-01
1.340428292751312256e-01
4.694747030735015869e-01
4.870575964450836182e-01
4.659526348114013672e-01
-7.356103658676147461e-01
-3.223236277699470520e-02
-2.116198688745498657e-01
-6.687122583389282227e-02
-1.633370220661163330e-01
-1.136081591248512268e-01
-1.170674934983253479e-01
-1.251982748508453369e-01
-1.497096419334411621e-01
1.660848259925842285e-01
1.687299162149429321e-01
1.437353044748306274e-01
1.567506045103073120e-01
1.186712682247161865e-01
1.449801325798034668e-01
1.485452800989151001e-01
1.369880884885787964e-01
1.307751387357711792e-01
4.555169343948364258e-01
4.645022451877593994e-01
4.799745678901672363e-01
-7.252081036567687988e-01
-5.400517955422401428e-02
-1.920822858810424805e-01
-5.980965122580528259e-02
-1.628744006156921387e-01
-1.236009374260902405e-01
-1.163574755191802979e-01
-1.213331520557403564e-01
-1.450791060924530029e-01
1.571645587682723999e-01
1.637025177478790283e-01
1.324261873960494995e-01
1.534338146448135376e-01
1.160190701484680176e-01
1.454560756683349609e-01
1.442279517650604248e-01
1.442219913005828857e-01
1.307564675807952881e-01
4.695113599300384521e-01
4.818927049636840820e-01
4.615377187728881836e-01
-7.008332610130310059e-01
-4.546128213405609131e-02
-2.151337563991546631e-01
-5.757907032966613770e-02
-1.605056524276733398e-01
-1.313226372003555298e-01
-1.208118796348571777e-01
-1.151472702622413635e-01
-1.512088328599929810e-01
1.732184439897537231e-01
1.706617325544357300e-01
1.276013255119323730e-01
1.546829491853713989e-01
1.256301403045654297e-01
1.420578658580780029e-01
1.402743309736251831e-01
1.484601646661758423e-01
1.317504495382308960e-01
4.454307258129119873e-01
4.659818112850189209e-01
4.722535908222198486e-01
-7.219160199165344238e-01
-5.016744881868362427e-02
-1.940715759992599487e-01
-5.874820798635482788e-02
-1.567993760108947754e-01
-1.189438998699188232e-01
-1.142675802111625671e-01
-1.268241852521896362e-01
-1.470810025930404663e-01
1.639826744794845581e-01
1.733635962009429932e-01
1.313965022563934326e-01
1.467926949262619019e-01
1.204089522361755371e-01
1.402169913053512573e-01
1.480097621679306030e-01
1.465163677930831909e-01
1.270393580198287964e-01
4.508761167526245117e-01
4.772723019123077393e-01
4.629438817501068115e-01
-7.000969648361206055e-01
-4.537050798535346985e-02
-2.032236456871032715e-01
-6.516556441783905029e-02
-1.534410268068313599e-01
-1.270814836025238037e-01
-1.167436391115188599e-01
-1.155632734298706055e-01
-1.533939987421035767e-01
1.772098988294601440e-01
1.717727333307266235e-01
1.326291859149932861e-01
1.446465998888015747e-01
1.173685640096664429e-01
1.429392844438552856e-01
1.507466733455657959e-01
1.422495245933532715e-01
1.258120536804199219e-01
4.423478245735168457e-01
4.649914205074310303e-01
4.673662781715393066e-01
-7.107107043266296387e-01
-4.892080277204513550e-02
-1.882951557636260986e-01
-5.416494980454444885e-02
-1.517250984907150269e-01
-1.313074529170989990e-01
-1.082416847348213196e-01
-1.312558650970458984e-01
-1.520221531391143799e-01
1.620682030916213989e-01
1.684576272964477539e-01
1.294420510530471802e-01
1.578034311532974243e-01
1.162157207727432251e-01
1.482261717319488525e-01
1.482988595962524414e-01
1.403753906488418579e-01
1.329025179147720337e-01
4.542077481746673584e-01
4.684073328971862793e-01
4.502386450767517090e-01
-7.045200467109680176e-01
-5.517484247684478760e-02
-1.906759440898895264e-01
-6.441305577754974365e-02
-1.464511901140213013e-01
-1.150971353054046631e-01
-1.251486241817474365e-01
-1.255467236042022705e-01
-1.572474986314773560e-01
1.592513918876647949e-01
1.615939736366271973e-01
1.318802684545516968e-01
1.528333723545074463e-01
1.229852437973022461e-01
1.447604298591613770e-01
1.464097648859024048e-01
1.456449478864669800e-01
1.276007145643234253e-01
4.542143344879150391e-01
4.647804200649261475e-01
4.723201096057891846e-01
-7.132501602172851562e-01
-3.590260446071624756e-02
-2.029314786195755005e-01
-6.459023058414459229e-02
-1.563267558813095093e-01
-1.289843916893005371e-01
-1.165765076875686646e-01
-1.238263770937919617e-01
-1.559071391820907593e-01
1.713075339794158936e-01
1.632897555828094482e-01
1.444337964057922363e-01
1.486009508371353149e-01
1.279985904693603516e-01
1.423780620098114014e-01
1.441786438226699829e-01
1.488663703203201294e-01
1.257152110338211060e-01
4.563550055027008057e-01
4.692504405975341797e-01
4.559212028980255127e-01
-7.176092863082885742e-01
-5.114573985338211060e-02
-2.056919932365417480e-01
-6.118666008114814758e-02
-1.507633328437805176e-01
-1.335046291351318359e-01
-1.229679286479949951e-01
-1.125642284750938416e-01
-1.465183794498443604e-01
1.513878703117370605e-01
1.595178693532943726e-01
1.326148062944412231e-01
1.530417799949645996e-01
1.332379281520843506e-01
1.433655321598052979e-01
1.462064683437347412e-01
1.459808647632598877e-01
1.301789581775665283e-01
4.646336734294891357e-01
4.654867947101593018e-01
4.762994945049285889e-01
-7.309249639511108398e-01
-2.744219638407230377e-02
-2.067327499389648438e-01
-5.889287590980529785e-02
-1.489523798227310181e-01
-1.199580430984497070e-01
-1.281625181436538696e-01
-1.337307542562484741e-01
-1.524808853864669800e-01
1.706942617893218994e-01
1.633220463991165161e-01
1.313477307558059692e-01
1.528281122446060181e-01
1.160515099763870239e-01
1.453636437654495239e-01
1.456179618835449219e-01
1.420338749885559082e-01
1.384576708078384399e-01
4.704525768756866455e-01
4.726629853248596191e-01
4.584448635578155518e-01
-7.393514513969421387e-01
-5.013471096754074097e-02
-2.014206498861312866e-01
-5.408100783824920654e-02
-1.485674977302551270e-01
-1.320925354957580566e-01
-1.167186647653579712e-01
-1.252256929874420166e-01
-1.514091342687606812e-01
1.578098088502883911e-01
1.572320908308029175e-01
1.436954587697982788e-01
1.499057412147521973e-01
1.124625504016876221e-01
1.566337794065475464e-01
1.458166986703872681e-01
1.438039094209671021e-01
1.322827637195587158e-01
4.633303880691528320e-01
4.681584537029266357e-01
4.878697693347930908e-01
-7.652773857116699219e-01
-2.739558368921279907e-02
-2.062264233827590942e-01
-5.840820446610450745e-02
-1.571949869394302368e-01
-1.294551491737365723e-01
-1.149295866489410400e-01
-1.269285082817077637e-01
-1.520332098007202148e-01
1.680765450000762939e-01
1.743902117013931274e-01
1.383820474147796631e-01
1.543906778097152710e-01
1.194242388010025024e-01
1.471807956695556641e-01
1.540828943252563477e-01
1.396567374467849731e-01
1.271475404500961304e-01
4.677640199661254883e-01
4.786100983619689941e-01
4.687431752681732178e-01
-7.547575831413269043e-01
-4.859994351863861084e-02
-2.054963558912277222e-01
-6.040031090378761292e-02
-1.414846926927566528e-01
-1.169698759913444519e-01
-1.226389408111572266e-01
-1.275878995656967163e-01
-1.564388722181320190e-01
1.625722348690032959e-01
1.590924412012100220e-01
1.431165039539337158e-01
1.530647575855255127e-01
1.355967521667480469e-01
1.404826194047927856e-01
1.555410325527191162e-01
1.462421119213104248e-01
1.259697526693344116e-01
4.522840082645416260e-01
4.740132391452789307e-01
4.863989651203155518e-01
-7.833096385002136230e-01
-2.207848615944385529e-02
-1.982471048831939697e-01
-5.768554657697677612e-02
-1.448601633310317993e-01
-1.327956020832061768e-01
-1.143081635236740112e-01
-1.131294593214988708e-01
-1.613331735134124756e-01
1.674036830663681030e-01
1.708673834800720215e-01
1.286648511886596680e-01
1.568023413419723511e-01
1.315227746963500977e-01
1.433429419994354248e-01
1.459462791681289673e-01
1.514625847339630127e-01
1.211237758398056030e-01
4.705769419670104980e-01
4.794597327709197998e-01
4.605739712715148926e-01
-7.774846553802490234e-01
-4.745544493198394775e-02
-2.067734748125076294e-01
-5.536658689379692078e-02
-1.467304676771163940e-01
-1.247176751494407654e-01
-1.228044033050537109e-01
-1.133689582347869873e-01
-1.566017121076583862e-01
1.646960824728012085e-01
1.579533666372299194e-01
1.356493830680847168e-01
1.496683806180953979e-01
1.365437656641006470e-01
1.503221541643142700e-01
1.390150189399719238e-01
1.524178981781005859e-01
1.257572472095489502e-01
4.567522704601287842e-01
4.883652031421661377e-01
4.941626489162445068e-01
-7.927032709121704102e-01
-3.147446736693382263e-02
-1.955247968435287476e-01
-5.721189826726913452e-02
-1.452617943286895752e-01
-1.201882809400558472e-01
-1.201862171292304993e-01
-1.259594112634658813e-01
-1.593895256519317627e-01
1.638622432947158813e-01
1.691035628318786621e-01
1.364363133907318115e-01
1.541692167520523071e-01
1.248972862958908081e-01
1.489268094301223755e-01
1.478928327560424805e-01
1.399632543325424194e-01
1.366173624992370605e-01
4.662858843803405762e-01
4.826943278312683105e-01
4.770505130290985107e-01
-7.719607949256896973e-01
-4.969677329063415527e-02
-1.955453157424926758e-01
-6.067257374525070190e-02
-1.539277434349060059e-01
-1.227656677365303040e-01
-1.214702501893043518e-01
-1.164932027459144592e-01
-1.600145548582077026e-01
1.676278114318847656e-01
1.626257002353668213e-01
1.331602185964584351e-01
1.505698114633560181e-01
1.247593909502029419e-01
1.470165401697158813e-01
1.542156189680099487e-01
1.336742788553237915e-01
1.314116865396499634e-01
4.651272892951965332e-01
4.868035614490509033e-01
4.955550134181976318e-01
-7.559366822242736816e-01
-4.286284372210502625e-02
-1.851480156183242798e-01
-5.745738744735717773e-02
-1.553257107734680176e-01
-1.209248155355453491e-01
-1.261549144983291626e-01
-1.144804954528808594e-01
-1.557323485612869263e-01
1.665808707475662231e-01
1.660456061363220215e-01
1.370639204978942871e-01
1.616474092006683350e-01
1.191536039113998413e-01
1.449671536684036255e-01
1.492855399847030640e-01
1.442654728889465332e-01
1.252545267343521118e-01
4.559354782104492188e-01
4.714493453502655029e-01
4.723742902278900146e-01
-7.737820744514465332e-01
-5.497221648693084717e-02
-1.942346096038818359e-01
-5.530886352062225342e-02
-1.502710580825805664e-01
-1.257308423519134521e-01
-1.229124292731285095e-01
-1.182450056076049805e-01
-1.489345580339431763e-01
1.669866740703582764e-01
1.726744472980499268e-01
1.297362297773361206e-01
1.472725123167037964e-01
1.313943415880203247e-01
1.482765078544616699e-01
1.429071128368377686e-01
1.491150110960006714e-01
1.271671503782272339e-01
4.578167200088500977e-01
4.834987819194793701e-01
4.875460565090179443e-01
-7.688319087028503418e-01
-5.087202414870262146e-02
-1.975722461938858032e-01
-6.129206344485282898e-02
-1.521091163158416748e-01
-1.278465539216995239e-01
-1.194829642772674561e-01
-1.132251918315887451e-01
-1.514604091644287109e-01
1.701216548681259155e-01
1.749398857355117798e-01
1.342085897922515869e-01
1.496455669403076172e-01
1.316119283437728882e-01
1.460049152374267578e-01
1.441661268472671509e-01
1.463967561721801758e-01
1.248405426740646362e-01
4.601062536239624023e-01
4.837252795696258545e-01
4.769249260425567627e-01
-7.511525154113769531e-01
-5.560670420527458191e-02
-2.051125317811965942e-01
-6.514959037303924561e-02
-1.532844305038452148e-01
-1.210413426160812378e-01
-1.215916648507118225e-01
-1.147601902484893799e-01
-1.505454629659652710e-01
1.734755188226699829e-01
1.748477369546890259e-01
1.306697279214859009e-01
1.526715606451034546e-01
1.259417384862899780e-01
1.434028893709182739e-01
1.525551080703735352e-01
1.407119184732437134e-01
1.237845420837402344e-01
4.635375738143920898e-01
4.733047783374786377e-01
4.833412170410156250e-01
-7.285681962966918945e-01
-5.300066620111465454e-02
-2.018587887287139893e-01
-5.689767003059387207e-02
-1.494906097650527954e-01
-1.256882846355438232e-01
-1.225613206624984741e-01
-1.236214339733123779e-01
-1.609349101781845093e-01
1.686724275350570679e-01
1.674633026123046875e-01
1.318907588720321655e-01
1.581937968730926514e-01
1.250519454479217529e-01
1.519386023283004761e-01
1.454348713159561157e-01
1.408976018428802490e-01
1.282486915588378906e-01
4.691048264503479004e-01
4.641571640968322754e-01
4.715676903724670410e-01
