#! FIELDS time phi metad.bias
#! SET min_phi -pi
#! SET max_phi pi
 0.010000 -1.162269 0.000000
 0.020000 -1.144350 0.000000
 0.030000 -1.157790 0.000000
 0.040000 -1.116527 0.000000
 0.050000 -1.007138 0.000000
 0.060000 -1.047301 0.000000
 0.070000 -1.058424 0.000000
 0.080000 -1.082135 0.000000
 0.090000 -1.177920 0.000000
 0.100000 -1.245373 0.000000
 0.110000 -1.215384 0.000000
 0.120000 -1.236398 0.000000
 0.130000 -1.142806 0.000000
 0.140000 -1.049687 0.000000
 0.150000 -0.923244 0.000000
 0.160000 -0.891273 0.000000
 0.170000 -0.862833 0.000000
 0.180000 -0.806603 0.000000
 0.190000 -0.877470 0.000000
 0.200000 -1.001989 0.000000
 0.210000 -1.037103 0.000000
 0.220000 -1.075922 0.000000
 0.230000 -1.109102 0.000000
 0.240000 -1.171187 0.000000
 0.250000 -1.111664 0.000000
 0.260000 -1.220661 0.000000
 0.270000 -1.265739 0.000000
 0.280000 -1.229628 0.000000
 0.290000 -1.156897 0.000000
 0.300000 -1.131089 0.000000
 0.310000 -0.991580 0.000000
 0.320000 -0.921496 0.000000
 0.330000 -0.855987 0.000000
 0.340000 -0.805270 0.000000
 0.350000 -0.846480 0.000000
 0.360000 -0.829830 0.000000
 0.370000 -0.850828 0.000000
 0.380000 -0.880845 0.000000
 0.390000 -0.894759 0.000000
 0.400000 -1.021464 0.000000
 0.410000 -1.158773 0.000000
 0.420000 -1.261126 0.000000
 0.430000 -1.300961 0.000000
 0.440000 -1.271338 0.000000
 0.450000 -1.165655 0.000000
 0.460000 -1.066130 0.000000
 0.470000 -0.944237 0.000000
 0.480000 -0.929189 0.000000
 0.490000 -0.797521 0.000000
 0.500000 -0.730533 0.000000
 0.510000 -0.679583 0.989461
 0.520000 -0.581707 0.913562
 0.530000 -0.634319 0.962921
 0.540000 -0.635579 0.963868
 0.550000 -0.817417 0.969658
 0.560000 -0.996616 0.749026
 0.570000 -1.135104 0.512695
 0.580000 -1.235086 0.353781
 0.590000 -1.242912 0.342474
 0.600000 -1.154896 0.479487
 0.610000 -1.130155 0.521092
 0.620000 -1.056629 0.647889
 0.630000 -0.998901 0.745302
 0.640000 -0.899869 0.889550
 0.650000 -0.920804 0.862631
 0.660000 -0.862715 0.931168
 0.670000 -0.761826 0.996011
 0.680000 -0.788816 0.986231
 0.690000 -0.745393 0.999099
 0.700000 -0.753866 0.997780
 0.710000 -0.801469 0.979671
 0.720000 -0.954131 0.815409
 0.730000 -1.036631 0.682199
 0.740000 -1.046001 0.666174
 0.750000 -1.148619 0.489949
 0.760000 -1.148519 0.490116
 0.770000 -1.032368 0.689453
 0.780000 -1.004306 0.736441
 0.790000 -0.901867 0.887081
 0.800000 -0.836534 0.955173
 0.810000 -0.818748 0.968736
 0.820000 -0.905196 0.882920
 0.830000 -1.040273 0.675982
 0.840000 -0.996953 0.748478
 0.850000 -1.054862 0.650935
 0.860000 -1.113754 0.549129
 0.870000 -0.852042 0.941517
 0.880000 -0.829755 0.960613
 0.890000 -0.818256 0.969078
 0.900000 -0.796236 0.982534
 0.910000 -0.854030 0.939646
 0.920000 -0.848234 0.945024
 0.930000 -0.881999 0.910609
 0.940000 -0.833433 0.957702
 0.950000 -0.871719 0.921860
 0.960000 -0.849583 0.943792
 0.970000 -0.785462 0.987760
 0.980000 -0.886623 0.905339
 0.990000 -0.892368 0.898615
 1.000000 -0.922094 0.860898
