-230039.40625
-230042.671875
-230043.25
-230043.15625
-230044.484375
-230041.828125
-230043.3125
-230039.375
-230044.84375
-230041.703125
-230041.984375
-230040.59375
-230041.28125
-230037.90625
-230039.859375
-230039.28125
-230041.53125
-230042.28125
-230037.390625
-230046.421875
-230040.28125
-230041.21875
-230036.71875
-230041.453125
-230035.390625
-230039.90625
-230037.21875
-230041.171875
-230039.09375
-230039.96875
-230035.765625
-230042.125
-230036.84375
-230034.46875
-230039.8125
-230038.46875
-230045.265625
-230044.515625
-230045.484375
-230037.890625
-230039.640625
-230038.734375
-230039.46875
-230041.625
-230040.875
-230042.84375
-230041.84375
-230043.359375
-230039.15625
-230045.625
-230043.734375
-230041.265625
-230042.625
-230045.046875
-230044.28125
-230042.5
-230042.734375
-230036.640625
-230041.875
-230038.84375
-230042.953125
-230046.109375
-230043.296875
-230039.4375
-230047.125
-230043.640625
-230043.4375
-230046.203125
-230040.765625
-230036.65625
-230034.328125
-230038.4375
-230042.75
-230039.515625
-230040.265625
-230038.078125
-230035.59375
-230037.671875
-230035.96875
-230039.03125
-230039.515625
-230036.59375
-230041.859375
-230035.734375
-230039.90625
-230034.0625
-230036.734375
-230029.5625
-230036.640625
-230035.828125
-230038.75
-230036.84375
-230039.953125
-230040.625
-230040.109375
-230042.546875
-230040.265625
-230044.140625
-230043.359375
-230040.328125
